34
Myessoensis.XP_021350409.1_elongation_factor_2like 0.0000000 2.9008042 2.9808057 2.9441813 3.1494204 2.8246581 3.4490180 2.8199528 2.9737811 2.9086325 2.8106224 2.3226434 2.2934159 2.2149865 2.1471379 2.0772499 2.0348498 1.9470804 1.9639985 1.8387233 1.8827016 1.8251750 1.8373529 1.8373529 1.8668042 3.8690776 3.4561480 3.2819813 3.3880828 3.1051108 3.3123038 3.1327636 3.2703406 3.3294970 
Egranulosus.XP_024347861.1_U5_small_nuclear_ribonu 2.9008042 0.0000000 0.5288585 0.5096710 0.5730874 0.5030389 0.8466528 0.4162460 0.4620012 0.4509759 0.4590733 2.1712111 2.3310544 2.1627607 2.3519076 1.9565180 1.9281238 2.0499047 2.0900247 1.8035303 1.8412529 1.8549992 1.9152618 1.9152618 1.8645748 3.1735928 2.8281251 2.9783344 3.0238938 2.9202146 2.8181916 2.8528559 2.8440032 2.9783997 
Avaga.UJR09000.1_hypothetical_protein_I4U23_013250 2.9808057 0.5288585 0.0000000 0.4488260 0.5212651 0.4610080 0.7924266 0.4104006 0.4221698 0.4317748 0.4024426 2.0849586 2.3327520 2.0078256 2.4346655 1.9009465 1.8595892 1.9283466 1.9776267 1.7220503 1.7438435 1.7645709 1.8182445 1.8182445 1.8180738 3.3252260 2.8397766 2.7288061 2.8233814 2.7521175 2.6764335 2.7295116 2.6591042 2.8527226 
Dmelanogaster.CG4849_uncharacterized_protein_Dmel_ 2.9441813 0.5096710 0.4488260 0.0000000 0.4941505 0.3810065 0.7959037 0.3670693 0.3699218 0.3417918 0.3405950 2.0392252 2.2768727 2.0621705 2.3902697 1.8714347 1.7663634 1.8438790 1.8877855 1.6587819 1.7244522 1.7643742 1.7758871 1.7758871 1.8030372 3.5409564 2.9434361 2.8201908 2.8611087 2.7121264 2.6471812 2.7330658 2.6628467 2.7966954 
Myessoensis.XP_021345506.1_116_kDa_U5_small_nuclea 3.1494204 0.5730874 0.5212651 0.4941505 0.0000000 0.4422662 0.2898310 0.2898310 0.3554001 0.4005476 0.3840248 2.1351696 2.4971706 2.1676976 2.7090872 1.9935041 1.8566208 2.0527966 2.1730871 1.9191517 1.8691754 1.9561175 2.0258195 2.0258195 1.8999962 3.1883778 2.6544838 2.7009756 2.6267009 2.6066901 2.5095339 2.6785317 2.4742685 2.5261677 
Cintestinalis.LOC100175824_116_kDa_U5_small_nuclea 2.8246581 0.5030389 0.4610080 0.3810065 0.4422662 0.0000000 0.7138300 0.3119934 0.3011252 0.2829717 0.2845624 1.9809911 2.3172312 1.9765903 2.3121554 1.7690117 1.7333084 1.7904386 1.8205372 1.6525072 1.6373077 1.6477211 1.7524876 1.7524876 1.6863102 3.3025085 2.7879680 2.7915589 2.8630012 2.7340913 2.6278992 2.8049201 2.6364041 2.7754175 
Lanatina.XP_013419342.1_116_kDa_U5_small_nuclear_r 3.4490180 0.8466528 0.7924266 0.7959037 0.2898310 0.7138300 0.0000000 0.2107203 0.6612048 0.6367745 0.6557323 2.6680039 2.8977639 2.6334531 3.0681708 2.4742423 2.2607914 2.5142342 2.5969411 2.3608841 2.2402660 2.3261111 2.4769819 2.4769819 2.3491597 3.8619544 3.4217898 3.4723527 3.1855149 3.3490445 3.3920101 3.5321837 3.1900689 3.3013409 
Lanatina.XP_023933490.1_116_kDa_U5_small_nuclear_r 2.8199528 0.4162460 0.4104006 0.3670693 0.2898310 0.3119934 0.2107203 0.0000000 0.2636491 0.2486805 0.2618772 2.0093651 2.1499829 1.9133164 2.2201509 1.7401656 1.6834560 1.7612904 1.8104146 1.6110060 1.6189978 1.5998187 1.7196474 1.7196474 1.6654974 3.2313037 2.8854821 2.7763171 2.9134431 2.7886823 2.6863650 2.8391761 2.6442537 2.7668534 
Hsapiens.NP_004238.3_116_kDa_U5_small_nuclear_ribo 2.9737811 0.4620012 0.4221698 0.3699218 0.3554001 0.3011252 0.6612048 0.2636491 0.0000000 0.2453509 0.2269009 1.9983691 2.2312927 1.8972068 2.2944707 1.7730933 1.7458720 1.7777331 1.8375578 1.6505721 1.6956217 1.6975150 1.7690980 1.7690980 1.7328476 3.3493738 2.8130292 2.7870565 2.7753127 2.6702542 2.6635407 2.7324501 2.6326398 2.8362668 
Bbelcheri.LOC109461499_116_kDa_U5_small_nuclear_ri 2.9086325 0.4509759 0.4317748 0.3417918 0.4005476 0.2829717 0.6367745 0.2486805 0.2453509 0.0000000 0.1994564 2.0274279 2.2282634 2.0010366 2.2467563 1.7728943 1.7542329 1.7943842 1.8447083 1.6546545 1.6829945 1.6798392 1.7933800 1.7933800 1.7220177 3.3215338 2.8537112 2.8170359 2.7860811 2.7574666 2.7003582 2.7546221 2.6027903 2.7798388 
Aplanci.LOC110989613_116_kDa_U5_small_nuclear_ribo 2.8106224 0.4590733 0.4024426 0.3405950 0.3840248 0.2845624 0.6557323 0.2618772 0.2269009 0.1994564 0.0000000 2.0148988 2.1856969 1.9368030 2.2665919 1.7364006 1.7183445 1.7445246 1.7933948 1.6290317 1.6654586 1.6456428 1.7261576 1.7261576 1.7177977 3.3521445 2.8443690 2.8385025 2.8772002 2.6750595 2.6714574 2.7322657 2.7080673 2.8395482 
Avaga.UJR26319.1_hypothetical_protein_I4U23_007657 2.3226434 2.1712111 2.0849586 2.0392252 2.1351696 1.9809911 2.6680039 2.0093651 1.9983691 2.0274279 2.0148988 0.0000000 1.7008739 1.1526590 1.1361290 1.1635714 1.1124375 1.1111020 1.1674863 1.0326714 1.0827877 1.0229913 1.1424660 1.1424660 1.0350078 2.6502922 2.2516128 2.3664277 2.4041444 2.2291197 2.2702298 2.2161182 2.2349033 2.2478637 
Avaga.UJR19151.1_hypothetical_protein_I4U23_022281 2.2934159 2.3310544 2.3327520 2.2768727 2.4971706 2.3172312 2.8977639 2.1499829 2.2312927 2.2282634 2.1856969 1.7008739 0.0000000 1.3691172 1.2698660 1.1413405 1.1509493 1.1447469 1.1436475 1.0169110 1.0311772 1.0100047 0.8455519 0.8455519 1.0285174 3.0834772 3.0329600 2.9498160 2.7818928 2.6688026 2.7590158 2.8736385 2.5844053 2.7891940 
Myessoensis.XP_021349219.1_elongation_factor_2like 2.2149865 2.1627607 2.0078256 2.0621705 2.1676976 1.9765903 2.6334531 1.9133164 1.8972068 2.0010366 1.9368030 1.1526590 1.3691172 0.0000000 0.8966148 0.8237757 0.8162952 0.8725462 0.8839430 0.7267799 0.7263545 0.7556471 0.7726803 0.7726803 0.7992102 2.7104945 2.4942218 2.3970785 2.2284482 2.1065862 2.1782538 2.1626286 2.2869778 2.2487603 
Egranulosus.XP_024354781.1_Elongation_factor_2     2.1471379 2.3519076 2.4346655 2.3902697 2.7090872 2.3121554 3.0681708 2.2201509 2.2944707 2.2467563 2.2665919 1.1361290 1.2698660 0.8966148 0.0000000 0.5501486 0.5907250 0.6055958 0.6109744 0.5193447 0.5276926 0.5101119 0.5411216 0.5411216 0.5114878 2.7422304 2.4446391 2.4143524 2.2225093 2.0043589 2.2181963 2.1482992 2.1469519 2.1743087 
Myessoensis.XP_021362159.1_elongation_factor_2like 2.0772499 1.9565180 1.9009465 1.8714347 1.9935041 1.7690117 2.4742423 1.7401656 1.7730933 1.7728943 1.7364006 1.1635714 1.1413405 0.8237757 0.5501486 0.0000000 0.4151174 0.4766925 0.4863418 0.4252871 0.4399545 0.4322332 0.4544677 0.4544677 0.4638235 2.8609678 2.4653298 2.5225110 2.3258820 2.1112694 2.3453535 2.2958433 2.3428689 2.3298548 
Lanatina.XP_013394736.1_elongation_factor_2        2.0348498 1.9281238 1.8595892 1.7663634 1.8566208 1.7333084 2.2607914 1.6834560 1.7458720 1.7542329 1.7183445 1.1124375 1.1509493 0.8162952 0.5907250 0.4151174 0.0000000 0.4382728 0.4427684 0.3851356 0.4120188 0.3914906 0.4272092 0.4272092 0.4027225 2.7364950 2.4443514 2.3968378 2.2358086 2.0419672 2.1478275 2.1285982 2.1563227 2.1426494 
Cintestinalis.LOC100177993_elongation_factor_2like 1.9470804 2.0499047 1.9283466 1.8438790 2.0527966 1.7904386 2.5142342 1.7612904 1.7777331 1.7943842 1.7445246 1.1111020 1.1447469 0.8725462 0.6055958 0.4766925 0.4382728 0.0000000 0.1297131 0.3883109 0.4041063 0.3611732 0.4477480 0.4477480 0.3964275 2.6728960 2.5275544 2.4693772 2.4437515 2.1690211 2.2606596 2.3208043 2.3353576 2.2816362 
Cintestinalis.LOC100178953_LOW_QUALITY_PROTEIN_elo 1.9639985 2.0900247 1.9776267 1.8877855 2.1730871 1.8205372 2.5969411 1.8104146 1.8375578 1.8447083 1.7933948 1.1674863 1.1436475 0.8839430 0.6109744 0.4863418 0.4427684 0.1297131 0.0000000 0.3896054 0.3926255 0.3677140 0.4218377 0.4218377 0.3851651 2.9060730 2.4826069 2.4244058 2.3293206 2.1053792 2.2018137 2.2773489 2.3559694 2.2594625 
Hsapiens.NP_001952.1_elongation_factor_2           1.8387233 1.8035303 1.7220503 1.6587819 1.9191517 1.6525072 2.3608841 1.6110060 1.6505721 1.6546545 1.6290317 1.0326714 1.0169110 0.7267799 0.5193447 0.4252871 0.3851356 0.3883109 0.3896054 0.0000000 0.2626356 0.2561561 0.2638335 0.2638335 0.2671251 2.5192071 2.2242995 2.2474653 2.0875007 1.8702192 2.0144716 1.9561397 2.0232964 2.0091610 
Bbelcheri.LOC109464429_elongation_factor_2like     1.8827016 1.8412529 1.7438435 1.7244522 1.8691754 1.6373077 2.2402660 1.6189978 1.6956217 1.6829945 1.6654586 1.0827877 1.0311772 0.7263545 0.5276926 0.4399545 0.4120188 0.4041063 0.3926255 0.2626356 0.0000000 0.2349464 0.3035262 0.3035262 0.2984723 2.5999726 2.2774468 2.2770669 2.1576245 1.8950776 2.0842425 2.0514096 2.0831822 2.1429285 
Aplanci.LOC110987647_elongation_factor_2like       1.8251750 1.8549992 1.7645709 1.7643742 1.9561175 1.6477211 2.3261111 1.5998187 1.6975150 1.6798392 1.6456428 1.0229913 1.0100047 0.7556471 0.5101119 0.4322332 0.3914906 0.3611732 0.3677140 0.2561561 0.2349464 0.0000000 0.2701003 0.2701003 0.2713307 2.6756745 2.3201015 2.3916076 2.1958052 1.9355398 2.1171186 2.1053247 2.1741364 2.1491579 
Avaga.UJR10301.1_hypothetical_protein_I4U23_014507 1.8373529 1.9152618 1.8182445 1.7758871 2.0258195 1.7524876 2.4769819 1.7196474 1.7690980 1.7933800 1.7261576 1.1424660 0.8455519 0.7726803 0.5411216 0.4544677 0.4272092 0.4477480 0.4218377 0.2638335 0.3035262 0.2701003 0.0000000 0.0000010 0.2575242 2.6145951 2.2994887 2.3581133 2.2728888 2.0051360 2.0767689 2.0779480 2.1272167 2.1181884 
Avaga.UJR35689.1_hypothetical_protein_I4U23_028438 1.8373529 1.9152618 1.8182445 1.7758871 2.0258195 1.7524876 2.4769819 1.7196474 1.7690980 1.7933800 1.7261576 1.1424660 0.8455519 0.7726803 0.5411216 0.4544677 0.4272092 0.4477480 0.4218377 0.2638335 0.3035262 0.2701003 0.0000010 0.0000000 0.2575242 2.6145951 2.2994887 2.3581133 2.2728888 2.0051360 2.0767689 2.0779480 2.1272167 2.1181884 
Dmelanogaster.eEF2_eukaryotic_translation_elongati 1.8668042 1.8645748 1.8180738 1.8030372 1.8999962 1.6863102 2.3491597 1.6654974 1.7328476 1.7220177 1.7177977 1.0350078 1.0285174 0.7992102 0.5114878 0.4638235 0.4027225 0.3964275 0.3851651 0.2671251 0.2984723 0.2713307 0.2575242 0.2575242 0.0000000 2.6160181 2.2824703 2.3109592 2.1979460 1.9883741 2.0223900 2.0908524 2.0746883 2.0543018 
Egranulosus.XP_024355481.1_Elongation_factor_Tu_GT 3.8690776 3.1735928 3.3252260 3.5409564 3.1883778 3.3025085 3.8619544 3.2313037 3.3493738 3.3215338 3.3521445 2.6502922 3.0834772 2.7104945 2.7422304 2.8609678 2.7364950 2.6728960 2.9060730 2.5192071 2.5999726 2.6756745 2.6145951 2.6145951 2.6160181 0.0000000 2.0894543 2.0893546 2.3885068 2.0390865 2.1577881 2.3756671 2.0580347 2.0889611 
Avaga.UJR28421.1_hypothetical_protein_I4U23_009661 3.4561480 2.8281251 2.8397766 2.9434361 2.6544838 2.7879680 3.4217898 2.8854821 2.8130292 2.8537112 2.8443690 2.2516128 3.0329600 2.4942218 2.4446391 2.4653298 2.4443514 2.5275544 2.4826069 2.2242995 2.2774468 2.3201015 2.2994887 2.2994887 2.2824703 2.0894543 0.0000000 1.3990501 1.3169475 1.1093113 1.1777023 1.2056120 1.1215977 1.1468909 
Dmelanogaster.CG33158_uncharacterized_protein_Dmel 3.2819813 2.9783344 2.7288061 2.8201908 2.7009756 2.7915589 3.4723527 2.7763171 2.7870565 2.8170359 2.8385025 2.3664277 2.9498160 2.3970785 2.4143524 2.5225110 2.3968378 2.4693772 2.4244058 2.2474653 2.2770669 2.3916076 2.3581133 2.3581133 2.3109592 2.0893546 1.3990501 0.0000000 1.2307734 1.1417522 1.0625414 1.1346152 1.0603913 1.0949114 
Cintestinalis.LOC100175902_elongation_factorlike_G 3.3880828 3.0238938 2.8233814 2.8611087 2.6267009 2.8630012 3.1855149 2.9134431 2.7753127 2.7860811 2.8772002 2.4041444 2.7818928 2.2284482 2.2225093 2.3258820 2.2358086 2.4437515 2.3293206 2.0875007 2.1576245 2.1958052 2.2728888 2.2728888 2.1979460 2.3885068 1.3169475 1.2307734 0.0000000 0.9084881 0.8835021 0.9648749 0.9334591 1.0037864 
Hsapiens.NP_078856.4_elongation_factor-like_GTPase 3.1051108 2.9202146 2.7521175 2.7121264 2.6066901 2.7340913 3.3490445 2.7886823 2.6702542 2.7574666 2.6750595 2.2291197 2.6688026 2.1065862 2.0043589 2.1112694 2.0419672 2.1690211 2.1053792 1.8702192 1.8950776 1.9355398 2.0051360 2.0051360 1.9883741 2.0390865 1.1093113 1.1417522 0.9084881 0.0000000 0.8175304 0.8561882 0.8739786 0.9732946 
Bbelcheri.LOC109463052_elongation_factorlike_GTPas 3.3123038 2.8181916 2.6764335 2.6471812 2.5095339 2.6278992 3.3920101 2.6863650 2.6635407 2.7003582 2.6714574 2.2702298 2.7590158 2.1782538 2.2181963 2.3453535 2.1478275 2.2606596 2.2018137 2.0144716 2.0842425 2.1171186 2.0767689 2.0767689 2.0223900 2.1577881 1.1777023 1.0625414 0.8835021 0.8175304 0.0000000 0.8403191 0.8141162 0.8639740 
Aplanci.LOC110988091_elongation_factorlike_GTPase_ 3.1327636 2.8528559 2.7295116 2.7330658 2.6785317 2.8049201 3.5321837 2.8391761 2.7324501 2.7546221 2.7322657 2.2161182 2.8736385 2.1626286 2.1482992 2.2958433 2.1285982 2.3208043 2.2773489 1.9561397 2.0514096 2.1053247 2.0779480 2.0779480 2.0908524 2.3756671 1.2056120 1.1346152 0.9648749 0.8561882 0.8403191 0.0000000 0.7866172 0.9390501 
Lanatina.XP_013413557.1_elongation_factorlike_GTPa 3.2703406 2.8440032 2.6591042 2.6628467 2.4742685 2.6364041 3.1900689 2.6442537 2.6326398 2.6027903 2.7080673 2.2349033 2.5844053 2.2869778 2.1469519 2.3428689 2.1563227 2.3353576 2.3559694 2.0232964 2.0831822 2.1741364 2.1272167 2.1272167 2.0746883 2.0580347 1.1215977 1.0603913 0.9334591 0.8739786 0.8141162 0.7866172 0.0000000 0.7644731 
Myessoensis.XP_021362732.1_elongation_factorlike_G 3.3294970 2.9783997 2.8527226 2.7966954 2.5261677 2.7754175 3.3013409 2.7668534 2.8362668 2.7798388 2.8395482 2.2478637 2.7891940 2.2487603 2.1743087 2.3298548 2.1426494 2.2816362 2.2594625 2.0091610 2.1429285 2.1491579 2.1181884 2.1181884 2.0543018 2.0889611 1.1468909 1.0949114 1.0037864 0.9732946 0.8639740 0.9390501 0.7644731 0.0000000 
